민준	1	41,383
서준	2	40,744
도윤	3	34,046
예준	4	32,145
시우	5	32,145
하준	6	32,145
지호	7	28,728
주원	8	28,655
지후	9	25,718
준우	10	24,849
준서	11	24,308
도현	12	24,218
건우	13	23,336
현우	14	23,122
우진	15	22,567
지훈	16	22,299
선우	17	21,127
유준	18	19,489
서진	19	19,300
연우	20	19,265
은우	21	18,890
민재	22	17,716
현준	23	17,300
시윤	24	16,475
정우	25	16,333
이준	26	16,239
승우	27	14,807
윤우	28	14,779
지우	29	14,312
지환	30	14,289
승현	31	14,124
유찬	32	13,951
준혁	33	13,872
수호	34	13,160
승민	35	12,899
시후	36	12,699
진우	37	12,613
민성	38	12,259
수현	39	11,919
준영	40	11,900
지원	41	11,824
이안	42	11,717
재윤	43	10,670
시현	44	10,634
태윤	45	10,351
한결	46	10,341
지안	47	9,954
동현	48	9,683
윤호	49	9,669
시원	50	9,661
은찬	51	9,616
시온	52	9,608
민우	53	9,516
재원	54	9,459
민규	55	9,427
서우	56	9,328
지한	57	9,319
은호	58	9,252
재민	59	9,107
민찬	60	9,050
우주	61	8,840
우빈	62	8,614
하율	63	8,431
준호	64	8,386
지율	65	8,213
율	66	8,207
하진	67	8,152
성민	68	8,140
승준	69	8,098
성현	70	7,997
재현	71	7,974
현서	72	7,953
민호	73	7,915
태민	74	7,890
준	75	7,788
예성	76	7,704
지민	77	7,700
지성	78	7,682
윤재	79	7,666
태현	80	7,602
민혁	81	7,447
하람	82	7,391
로운	83	7,338
규민	84	7,323
성준	85	7,313
하민	86	7,293
윤성	87	7,165
정민	88	7,138
태양	89	7,105
이현	90	7,016
은성	91	6,841
예찬	92	6,833
준수	93	6,759
도훈	94	6,744
준희	95	6,674
다온	96	6,566
민석	97	6,538
주안	98	6,497
건	99	6,475
주호	100	6,414